function Data = TableGenerator
% This function generates a matrix with the values of the Elastic Atomic
% Scattering factors of electrons for neutral atoms and s up to 6 A-1.
% International Tables of Crystallography (2006) Vol C, Table 4.3.2.2 pp
% 282-283.
% To call the function: Variable = TableGenerator

% The number of the row is the Atomic Number of the element (Z). Column 1 is
% for a1, column 2 is for a2, column 3 is for a3, column 4 is for a4,
% column 5 is for a5, column 6 is for b1, column 7 is for b2, column 8 is
% for b3, column 9 is for b4 and column 10 is for b5.


Data(:,1) = [0.0088 0.0084 0.0478 0.0423 0.0436 0.0489 0.0267 0.0365 1.9618 0.0380 0.1260 0.1130...
    0.1165 0.0567 0.1005 0.0915 0.0799 0.1044 0.2149 0.2355 0.4636 0.2123 0.2369 0.1970 0.1943 0.1929...
    0.2186 0.2313 0.3501 0.1780 0.2135 0.2135 0.2059 0.1574 0.1899 0.1742 0.3781 0.3723 0.3234 0.2997...
    0.1680 0.3069 0.2928 0.2604 0.2713 0.2003 0.2739 0.3072 0.3564 0.2966 0.2725 0.2422 0.2617 0.2334...
    0.5713 0.5229 0.5461 0.2227 0.5237 0.5368 0.5232 0.5162 0.5272 0.9664 0.5110 0.4974];

Data(:,2) = [0.0449 0.0443 0.2048 0.1874 0.1898 0.2091 0.1328 0.1729 0.1822...
    0.1785 0.6442 0.5575 0.5504 0.3365 0.4615 0.4312 0.3891 0.4551 0.8703...
    0.9916 2.0802 0.8960 1.0774 0.8228 0.8190 0.8239 0.9861 1.0657 1.6558... 
0.8096 0.9768 0.9761 0.9518 0.7614 0.8983 0.8447 1.4904 1.4598 1.2737 1.1879...
0.9370 1.1714 1.1267 1.0442 1.0556 0.8779 1.0503 1.1303 1.3011 1.1157 1.0651...
0.9692 1.0325 0.9496 2.4866 2.2874 2.3856 1.0760 2.2913 2.3301 2.2627 2.2302...
2.2844 3.4052 2.1570 2.1097];


Data(:,3) = [0.1481 0.1314 0.5253 0.6019 0.6788 0.7537 0.5301 0.5805 0.5972...
    0.5494 0.8893 0.9046 1.0179 0.8104 1.0663 1.0847 1.0037 1.4232 2.4999...
    2.3959 2.9003 2.1765 2.1894 2.0200 1.9296 1.8689 1.8540 1.8229 1.9582...
    1.6744 1.6669 1.6555 1.6372 1.4834 1.6358 1.5944 3.5753 3.5124 3.2115...
    3.1075 2.7300 3.2293 3.1675 3.0761 3.1416 2.6135 3.1564 3.2046 3.2424...
    3.0973 2.9940 2.8114 2.8097 2.6381 4.9795 4.7243 5.0653 2.9482 4.6161...
    4.6058 4.4552 4.3449 4.3361 5.0803 4.0308 3.8906];


Data(:,4) = [0.2356 0.1671 1.5225 1.4311 1.3273 1.1420 1.1020 0.8814 0.7707...
    0.6942 1.8197 2.1580 2.6295 2.4960 2.5854 2.4671 2.3332 2.1533 2.3591...
    3.7252 1.4193 3.0436 3.0825 2.1717 2.4968 2.3694 2.3258 2.2609 0.2134...
    1.9499 2.5662 2.8938 3.0490 3.0016 3.1845 3.1507 3.0031 4.4612 4.0563...
    3.9740 3.8150 3.4254 3.6619 3.2175 3.0451 2.8594 2.7543 2.9329 3.4839...
    3.8156 4.0697 4.1509 4.4809 4.4680 4.0198 5.0807 5.7601 5.8496 4.7233...
    4.6621 4.4787 4.3598 4.3178 1.4991 3.9936 3.8100 ];

Data(:,5) = [0.0914 0.0666 0.9853 0.7891 0.5544 0.3555 0.4215 0.3121 0.2130...
    0.1918 1.2988 1.4735 1.5711 2.1186 1.2725 1.0852 1.0507 0.4459 3.0318...
    2.5647 2.4323 2.4439 1.7190 1.7516 2.0625 1.9060 1.4685 1.1883 1.4109...
    1.4495 1.6790 1.6356 1.4756 1.7978 1.1518 1.1338 3.3272 3.3031 3.7962...
    3.5769 3.0053 2.1224 2.5942 1.9448 1.7179 1.0258 1.4328 1.6560 2.0459...
    2.5281 2.5682 2.8161 2.3190 2.5020 4.4403 5.6389 4.0463 7.1834 4.8173...
    4.4622 4.5073 4.4292 4.0908 4.2528 4.2466 4.3084];

Data(:,6) = [0.1152 0.0596 0.2258 0.1445 0.1207 0.1140 0.0541 0.0652...
    0.0613 0.0554 0.1684 0.1356 0.1295 0.0582 0.0977 0.0838 0.0694...
    0.0853 0.1660 0.1742 0.3682 0.1399 0.1505 0.1197 0.1135 0.1087...
    0.1182 0.1210 0.1867 0.0876 0.1020 0.0989 0.0926 0.0686 0.0810...
    0.0723 0.1557 0.1480 0.1244 0.1121 0.0597 0.1101 0.1020 0.0887...
    0.0907 0.0659 0.0881 0.0966 0.1091 0.0896 0.0809 0.0708 0.0749...
    0.0655 0.1626 0.1434 0.1479 0.0571 0.1360 0.1378 0.1317 0.1279...
    0.1285 0.2641 0.1210 0.1157];

Data(:,7) = [1.0867 0.5360 2.1032 1.4180 1.1595 1.0825 0.5165 0.6184...
    0.5753 0.5087 1.7150 1.3579 1.2619 0.6155 0.9084 0.7788 0.6443...
    0.7701 1.6906 1.8329 4.0312 1.4568 1.6392 1.1985 1.1313 1.0806...
    1.2300 1.2691 1.9917 0.8650 1.0219 0.9845 0.9182 0.6808 0.7957...
    0.7123 1.5347 1.4643 1.1948 1.0638 0.6524 1.0222 0.9481 0.8240...
    0.8324 0.6111 0.8028 0.8856 1.0452 0.8268 0.7488 0.6472 0.6914...
    0.6050 1.8213 1.6019 1.6552 0.5946 1.5068 1.5140 1.4336 1.3811...
    1.3943 2.6586 1.2704 1.2108];

Data(:,8) = [4.9755 2.4274 12.9349 8.1165 6.2474 5.4281 2.8207...
    2.9449 2.6858 2.2639 8.8386 6.9255 6.8242 3.2522 4.9654 4.3462...
    3.5351 4.4684 8.7447 8.8407 22.6493 6.7534 7.5691 5.4097 5.0341...
    4.7637 5.4177 5.6870 1.3396 3.8612 4.6275 4.5527 4.3291 3.1163...
    3.9054 3.5192 9.9947 9.2320 7.2756 6.3891 4.4317 5.9613 5.4713 4.8278...
    4.7702 3.5563 4.4451 4.6273 5.0900 4.2242 3.8710 3.3609...
    3.4634 3.0389 11.1049 9.4511 10.0059 3.2022 8.8213 8.8719...
    8.3087 7.9629 8.1081 16.2213 7.1368 6.7377];

Data(:,9) = [16.5591 7.7852 50.7501 27.9705 21.0460 17.8811 10.6297...
    9.6298 8.8214 7.3316 50.8265 32.3165 28.4577 16.7929 18.5471...
    15.5846 12.5058 14.5864 46.7825 47.4583 71.8200 33.1168 36.8741...
    25.2361 24.1798 22.8500 25.7602 27.0917 53.2619 18.8726 22.8742...
    21.5563 19.2996 14.3458 15.7701 13.7724 51.4251 49.8807 34.1430...
    28.7081 19.5540 25.1965 23.8153 19.8977 19.7862 12.7638...
    18.7011 20.6789 24.6578 20.6900 18.8800 16.0752 16.3603...
    14.0809 49.0568 42.7685 47.3245 16.4253 41.9536 43.5967...
    40.6010 39.1213 40.9631 80.2060 35.0354 32.4150];

Data(:,10) = [43.2743 20.3126 136.6280 74.8684 59.3619 51.1341...
    34.3764 28.2194 25.6668 21.6912 147.2073 92.1138 88.4750 57.6767...
    54.3648 44.6365 35.8633 41.2474 165.6923 134.9613 103.3691 101.8238...
    107.8517 94.4290 80.5598 76.7309 80.8542 83.0285 63.2520 64.7016...
    80.1535 70.3903 58.9329 44.0455 45.6124 39.1148 185.9828 148.0937...
    111.2079 97.4289 85.5011 93.5831 82.8991 80.4566 80.2540 44.4283...
    79.2633 73.4723 88.0513 71.3399 60.6499 50.1724 48.2522 41.0005...
    202.9987 148.4969 145.8464 95.7030 141.2424 141.8065 135.9196...
    132.7846 134.1233 92.5359 123.5062 116.9225];




